14 18 16 15 16 13 14 18 13 17 
16 16 17 13 18 18 13 18 13 16 
13 14 14 13 13 18 14 18 16 16 
13 17 13 14 15 13 18 13 15 15 
7 9 10 7 7 6 5 9 10 6 
13 11 9 11 11 14 9 11 11 10 
5 8 8 6 6 5 8 10 6 6 
14 12 10 9 10 14 14 11 12 13 
11 12 12 10 9 12 9 10 9 13 
15 18 15 17 13 16 14 14 16 17 
14 9 10 9 11 12 13 10 13 9 
6 7 9 8 8 9 8 10 8 10 
13 16 17 14 17 16 16 17 16 13 
6 9 9 5 9 8 6 7 7 5 
16 13 15 13 16 14 14 17 16 13 
13 10 12 13 13 10 11 13 11 12 
15 16 13 14 17 18 18 13 16 14 
12 14 14 10 14 11 11 12 10 13 
12 9 12 9 13 14 9 14 12 14 
10 9 13 10 10 12 12 10 12 11 
8 8 5 6 5 10 9 7 7 6 
12 9 11 9 11 9 13 11 11 13 
9 12 11 10 9 10 14 9 11 13 
9 14 13 11 12 14 10 12 14 10 
14 13 16 14 16 17 16 17 18 16 
13 12 13 13 13 9 13 11 12 11 
9 10 6 9 8 6 5 6 7 6 
9 10 14 9 11 10 12 12 14 10 
5 5 5 10 7 5 10 8 5 5 
9 7 10 10 7 7 10 7 9 6 
6 8 6 6 7 9 7 9 6 6 
9 12 11 12 13 10 12 9 10 13 
14 18 16 18 17 16 15 14 18 18 
13 9 11 13 9 14 12 9 11 9 
8 5 10 7 6 6 9 5 9 7 
8 5 10 10 8 10 10 9 8 10 
10 9 9 10 11 14 10 14 11 14 
14 10 11 10 12 10 12 12 9 14 
14 9 12 11 14 10 13 13 10 9 
11 13 11 12 13 13 10 9 13 12 
13 18 13 18 16 17 17 14 18 13 
10 12 11 11 10 13 13 9 13 10 
8 10 8 7 5 6 10 5 8 10 
9 10 5 9 5 5 6 8 6 9 
13 13 10 10 10 12 9 12 10 11 
13 13 11 14 10 14 12 13 10 11 
11 12 14 14 13 14 12 10 11 9 
13 16 14 18 18 13 14 18 18 17 
14 13 18 17 14 16 13 14 17 16 
15 14 17 18 17 17 18 18 17 14 
12 9 10 13 12 13 11 12 12 10 
10 7 6 8 7 8 8 10 8 10 
10 6 7 7 7 7 6 6 6 7 
13 14 13 9 9 12 14 11 12 12 
7 6 6 6 8 7 5 5 6 6 
10 9 12 12 13 10 13 14 9 13 
15 16 15 16 17 14 16 15 16 17 
13 14 12 11 10 13 14 12 14 11 
14 18 18 18 13 17 15 17 14 15 
7 6 9 6 7 6 9 9 6 7 
17 15 18 13 16 13 16 13 14 15 
7 7 6 5 5 9 8 8 6 7 
13 14 12 9 12 10 14 11 12 14 
14 13 18 16 17 18 13 18 16 13 
17 17 18 16 17 17 13 16 17 17 
6 8 9 5 10 8 10 5 7 6 
14 13 9 12 9 11 12 10 12 13 
9 5 10 7 10 8 10 10 8 10 
12 10 12 9 14 13 11 14 11 14 
11 13 10 14 14 9 13 9 12 12 
11 11 13 11 12 12 11 11 10 11 
11 9 14 11 12 9 12 13 10 13 
11 14 9 9 13 13 12 14 9 13 
6 5 7 5 5 10 5 8 8 9 
10 13 12 9 11 9 11 12 14 10 
10 10 7 10 6 5 5 10 6 7 
16 16 18 18 18 14 18 15 16 14 
15 16 18 17 17 17 16 18 17 14 
7 8 6 9 7 5 8 9 8 5 
10 10 12 12 10 12 14 9 12 12 
13 17 18 15 17 16 16 14 14 13 
12 14 13 11 9 14 14 10 10 13 
6 6 10 5 6 8 7 10 7 8 
16 16 13 16 14 18 18 18 15 16 
12 9 12 10 11 12 9 12 9 13 
7 5 5 6 5 7 7 5 7 6 
7 5 6 9 10 10 9 6 10 5 
5 8 10 7 5 9 7 8 9 9 
13 16 17 13 14 18 18 18 14 17 
18 15 16 15 15 14 16 14 13 15 
9 7 10 7 10 5 7 7 9 9 
18 16 18 15 16 13 15 15 18 13 
5 8 10 9 7 6 9 5 6 6 
9 13 14 10 14 13 10 13 10 11 
13 14 15 17 13 17 18 15 18 17 
17 14 14 15 13 18 17 17 16 13 
12 12 12 14 12 10 10 9 13 10 
14 14 14 14 13 13 9 10 14 10 
6 5 10 8 5 5 7 8 6 5 
9 9 10 12 13 12 12 13 11 10 
14 12 14 12 13 14 14 11 11 13 
8 5 9 5 9 7 9 6 6 6 
6 5 7 6 8 5 10 10 8 8 
10 10 5 5 9 5 7 6 5 10 
16 13 18 17 13 13 18 13 15 16 
17 18 16 17 15 18 15 14 16 15 
16 14 16 16 18 16 14 16 14 17 
12 13 14 12 14 9 10 9 12 11 
10 12 10 11 12 10 14 10 14 10 
10 5 10 8 9 6 6 6 9 10 
14 16 16 14 14 13 14 17 18 17 
13 13 14 14 14 16 14 13 14 17 
13 15 13 18 13 14 17 18 16 15 
10 11 13 14 13 11 13 13 11 11 
15 13 15 15 15 17 17 16 15 13 
14 12 11 12 14 11 13 12 14 13 
9 6 5 5 9 6 8 8 6 9 
13 9 10 12 10 13 10 11 9 9 
14 10 11 12 14 10 12 11 11 11 
7 8 7 10 6 7 7 10 5 10 
15 17 18 18 16 15 17 15 17 15 
6 6 7 10 5 5 9 5 10 10 
10 9 8 8 10 10 7 6 6 5 
13 13 18 14 18 16 14 13 16 16 
15 16 14 13 17 16 13 14 14 16 
9 9 8 8 9 9 9 10 9 9 
6 7 9 8 10 8 8 5 10 7 
7 6 10 7 6 9 9 5 7 6 
15 16 13 13 15 15 17 16 14 17 
13 15 16 16 15 17 17 17 16 16 
8 6 6 6 10 7 5 9 9 9 
13 16 16 14 14 14 17 16 14 17 
15 15 16 15 17 15 14 18 14 13 
9 6 6 10 5 7 6 6 10 7 
9 11 11 9 12 9 11 10 14 9 
17 16 13 13 14 16 18 16 15 17 
7 10 5 7 5 10 8 10 5 7 
14 18 18 13 15 18 16 17 16 18 
11 14 12 10 14 9 10 11 14 14 
16 17 14 18 15 16 13 13 14 15 
7 5 6 5 5 9 6 10 9 9 
9 7 9 7 7 5 8 7 10 6 
18 17 18 15 16 18 18 18 16 14 
15 15 14 13 18 15 17 16 18 17 
11 11 14 9 13 9 9 11 9 13 
10 9 7 9 10 6 8 9 8 6 
18 15 14 13 14 16 18 14 15 15 
14 18 13 18 14 17 14 14 18 16 
9 9 9 10 10 12 9 9 13 14 
5 7 9 9 5 8 8 5 6 6 
6 10 5 7 10 7 8 10 7 8 
16 16 15 17 16 17 14 16 17 16 
16 18 14 15 16 15 13 18 15 15 
14 9 10 14 14 12 12 12 10 11 
13 15 14 15 14 17 14 17 16 16 
9 5 10 7 10 7 9 10 7 6 
8 9 8 7 5 5 8 9 6 9 
18 14 14 14 18 13 18 15 14 13 
9 5 8 8 9 5 8 7 7 9 
13 13 10 11 14 13 10 10 11 11 
8 10 7 7 8 7 6 10 8 7 
13 14 9 9 9 13 9 10 12 12 
10 12 10 13 10 11 14 10 9 14 
9 9 9 8 9 9 6 6 5 7 
17 15 14 15 13 18 13 17 13 16 
12 9 10 11 12 11 10 13 13 11 
12 13 11 11 11 14 10 12 10 12 
18 13 13 13 16 18 17 16 17 16 
10 12 14 9 10 12 9 13 12 9 
13 15 15 13 16 16 15 16 14 17 
13 9 10 11 14 13 10 10 11 12 
10 12 12 12 10 10 10 13 14 9 
17 17 18 14 14 14 13 16 18 15 
12 14 11 12 10 12 13 14 12 12 
18 17 15 14 15 13 15 16 18 16 
10 9 7 9 7 7 10 5 8 6 
6 6 5 5 6 7 7 9 5 8 
10 6 5 6 6 8 7 7 7 8 
11 9 14 10 11 9 11 10 11 14 
13 14 17 13 16 15 16 16 13 18 
17 15 15 15 17 18 17 18 13 13 
12 11 14 12 11 9 9 12 11 9 
14 10 14 9 14 12 13 9 11 9 
9 8 5 9 10 6 10 10 6 9 
13 13 14 11 10 11 10 12 10 10 
16 15 16 17 16 13 17 17 18 17 
8 10 7 9 9 9 10 10 7 5 
7 10 8 5 8 5 7 8 6 8 
9 7 6 6 6 9 5 6 10 6 
15 15 15 17 14 15 18 16 16 17 
6 10 8 9 9 10 6 6 10 9 
9 11 9 13 12 14 14 14 11 10 
9 13 10 14 11 14 13 11 9 14 
10 5 10 8 10 5 8 5 8 5 
15 17 17 13 17 17 17 17 18 13 
14 10 11 10 11 11 9 11 9 14 
13 13 16 15 18 14 18 17 14 16 
8 9 6 6 8 7 6 8 6 7 
10 13 10 9 13 13 12 10 13 9 
18 13 13 13 16 15 16 14 16 15 
18 17 15 15 17 14 15 15 18 18 
10 6 8 10 5 8 7 9 10 9 
8 8 5 7 5 9 8 10 6 9 
5 8 10 7 10 9 8 5 6 5 
14 12 11 14 13 12 10 9 12 14 
9 11 11 12 9 11 14 9 12 10 
10 11 13 13 10 12 12 11 11 11 
6 6 8 9 8 8 10 6 7 8 
10 9 9 10 11 12 13 10 10 11 
17 17 17 13 17 15 14 13 16 16 
12 10 9 10 13 12 10 11 11 11 
17 14 18 18 18 17 17 16 18 14 
7 5 6 7 7 9 5 8 10 6 
11 11 12 14 13 14 14 9 14 9 
11 9 9 14 11 13 13 9 11 11 
14 14 10 11 14 13 13 14 14 9 
9 5 6 5 8 8 9 6 6 6 
8 5 6 10 5 7 8 8 10 5 
11 14 9 13 10 9 9 14 14 12 
9 9 7 7 6 5 9 10 8 7 
7 7 6 6 9 10 10 6 10 9 
6 8 8 5 9 7 7 8 10 8 
9 5 6 9 5 6 8 6 9 6 
15 16 18 17 13 13 18 17 14 18 
12 11 9 12 10 11 12 11 9 10 
16 18 14 18 16 17 16 13 17 17 
13 14 16 17 13 14 16 13 17 15 
12 13 12 11 9 11 11 9 12 10 
15 13 17 18 16 14 14 18 13 16 
13 14 9 9 14 11 14 11 10 9 
16 16 14 16 13 14 16 18 15 17 
13 10 13 12 11 14 14 12 10 14 
6 6 7 9 10 10 9 10 5 6 
9 8 7 5 10 6 8 10 7 8 
12 11 11 11 10 12 10 12 13 14 
8 6 7 6 6 5 10 6 5 7 
14 14 13 17 18 14 17 14 14 18 
10 9 9 10 14 13 11 9 10 10 
15 16 17 15 16 18 13 16 18 17 
10 13 12 14 14 10 11 10 13 11 
18 14 16 14 16 16 13 17 17 16 
16 18 17 18 16 17 13 14 15 17 
18 13 16 18 15 13 18 18 18 13 
13 11 12 13 13 10 10 9 11 9 
17 14 14 14 16 17 13 13 18 16 
8 8 7 6 6 6 10 8 5 7 
10 12 11 13 14 13 12 14 13 13 
10 8 7 9 5 8 7 10 8 5 
18 14 16 15 14 17 18 13 15 17 
12 13 11 9 9 9 11 11 9 14 
8 7 10 5 8 7 5 10 8 9 
18 13 16 17 16 14 16 15 13 17 
14 17 18 13 16 13 16 17 16 14 
7 5 7 7 7 10 5 7 7 7 
14 13 15 13 15 17 15 17 14 15 
6 10 9 5 10 8 8 7 6 7 
5 5 6 7 5 5 10 9 7 7 
15 13 18 13 14 14 16 18 14 14 
8 6 6 9 7 5 7 9 9 5 
11 9 12 12 11 14 10 13 13 12 
5 8 8 9 6 9 6 10 5 10 
13 14 17 17 13 14 16 15 13 16 
18 18 18 16 13 17 16 16 17 13 
18 18 14 18 14 17 13 18 13 14 
14 17 17 15 13 16 17 13 14 13 
10 10 8 5 6 10 6 10 10 10 
6 7 7 9 6 6 5 7 5 5 
18 16 13 15 15 14 18 14 14 17 
5 8 10 9 5 8 6 7 8 10 
14 13 17 16 17 13 16 18 18 14 
14 15 16 16 14 16 15 16 15 13 
12 10 10 12 13 13 9 14 9 14 
9 10 10 12 9 14 11 10 13 9 
5 8 7 7 7 6 10 9 10 10 
15 17 18 13 16 16 14 17 17 13 
15 13 13 18 16 17 15 17 17 15 
12 13 14 10 11 14 11 11 14 10 
15 15 16 14 18 15 13 16 18 17 
5 9 5 8 10 9 7 7 9 10 
17 16 17 15 18 14 17 18 18 13 
9 13 10 11 9 11 12 13 11 13 
10 6 10 7 7 6 5 10 9 10 
6 9 9 9 5 6 7 9 9 6 
11 10 9 9 11 10 9 10 12 9 
16 13 13 18 13 18 14 17 15 15 
7 7 5 9 6 7 10 10 9 5 
12 12 10 11 9 9 14 10 13 12 
14 17 15 18 17 15 18 13 14 16 
7 8 5 10 5 8 6 6 5 6 
16 16 14 14 15 17 15 13 14 15 
14 13 16 17 14 18 18 18 16 13 
7 9 7 6 7 6 7 8 7 8 
6 9 7 10 7 6 7 5 10 9 
7 7 5 8 7 5 10 9 7 9 
12 11 13 14 9 12 14 11 13 13 
8 9 8 5 6 9 7 7 9 9 
11 13 13 10 14 11 14 13 11 10 
9 9 12 11 12 10 10 10 10 12 
11 11 12 12 13 13 12 10 14 13 
10 11 14 14 10 14 13 9 12 13 
11 14 10 11 12 11 12 10 14 14 
9 8 6 10 6 9 5 10 6 8 
13 18 15 14 16 17 14 13 16 15 
8 10 7 10 10 8 9 10 8 9 
14 14 12 10 9 10 9 10 11 14 
10 13 11 14 14 11 11 11 9 11 
7 10 9 8 10 6 7 8 8 7 
18 15 13 18 16 13 15 14 17 15 
14 16 18 18 13 17 17 16 17 13 
7 5 6 10 7 6 8 7 9 9 
18 17 15 15 16 17 14 14 15 13 
13 11 12 14 13 14 12 14 14 11 
10 14 10 13 13 10 10 9 9 12 
11 12 12 10 11 12 11 10 11 13 
7 6 6 9 9 9 7 7 9 8 
14 18 14 14 14 18 18 17 15 18 
12 12 14 13 12 11 9 13 9 10 
17 17 14 15 17 18 14 13 15 13 
11 12 9 10 10 12 11 11 10 13 
9 13 13 10 12 11 13 10 10 12 
15 16 18 18 15 17 17 13 13 14 
9 5 7 6 10 8 5 6 8 10 
8 8 6 10 8 10 10 10 10 9 
12 13 10 12 14 11 11 14 12 11 
9 11 11 10 12 10 11 13 13 14 
11 11 12 12 14 14 14 14 9 13 
7 8 10 6 5 10 7 6 5 8 
5 9 6 10 5 7 5 5 8 10 
8 7 10 10 10 8 8 9 6 6 
13 14 12 9 10 14 10 9 10 13 
13 11 10 12 12 9 14 9 13 11 
6 8 7 9 10 8 5 9 10 8 
12 10 9 11 13 10 9 13 11 10 
6 6 7 5 8 5 5 7 8 5 
10 10 10 13 14 11 13 13 14 14 
14 9 11 10 9 14 11 12 11 11 
13 11 13 9 9 14 9 14 12 10 
14 16 15 15 18 17 15 14 13 17 
11 13 14 10 13 14 11 11 11 11 
14 10 12 14 14 14 13 13 12 9 
15 18 14 18 15 16 18 16 14 15 
9 8 5 7 8 5 7 8 5 6 
10 10 10 9 8 6 5 5 5 8 
18 16 16 13 15 14 14 14 13 13 
11 9 12 10 10 12 11 14 10 10 
10 5 6 10 7 8 6 5 6 10 
17 13 18 18 17 16 16 14 15 14 
13 12 13 9 13 9 10 13 9 9 
11 9 11 9 13 10 14 12 11 13 
12 14 10 13 12 14 13 9 14 13 
17 13 16 17 18 13 13 14 18 18 
9 9 14 12 11 11 9 10 12 14 
15 16 17 16 13 18 13 18 16 18 
5 7 6 8 6 7 9 9 9 6 
8 10 6 5 9 9 9 8 7 9 
16 18 14 16 15 14 16 18 18 14 
8 10 5 10 5 9 10 10 10 9 
11 14 14 14 14 12 12 12 10 11 
17 17 17 17 15 14 13 17 18 13 
18 14 15 13 17 13 14 17 16 15 
17 14 16 14 17 14 18 14 15 13 
7 7 10 5 7 9 6 10 8 6 
10 10 6 6 8 7 6 6 9 5 
5 7 9 9 7 5 8 8 8 10 
5 6 9 7 5 7 6 8 10 5 
9 8 7 10 7 5 10 10 5 8 
10 11 11 13 13 14 10 11 13 11 
10 10 10 9 10 10 6 8 9 10 
17 13 16 18 13 15 16 15 15 16 
11 14 11 12 10 10 9 11 10 13 
13 12 14 10 14 14 10 14 12 12 
17 18 15 15 13 14 13 15 17 15 
7 10 7 10 5 5 7 10 8 5 
16 16 18 18 14 15 14 17 13 17 
12 14 14 12 13 9 12 11 9 13 
13 14 12 12 14 14 14 13 11 14 
18 14 13 18 15 13 14 16 17 15 
11 9 14 13 10 12 9 11 13 11 
14 9 13 14 12 14 12 14 9 14 
10 11 10 11 10 9 14 14 9 11 
10 11 10 9 10 9 10 14 14 13 
14 16 15 14 17 16 15 16 15 16 
13 17 18 16 18 18 14 18 16 16 
8 8 7 7 8 5 9 5 10 5 
10 7 7 9 7 5 7 5 6 10 
7 9 5 9 10 7 5 9 5 7 
16 16 17 18 17 18 16 16 14 16 
9 6 5 8 8 5 10 9 10 5 
18 17 14 17 16 15 14 14 17 16 
13 12 9 10 13 13 11 13 13 12 
18 14 16 17 16 14 15 18 15 17 
5 10 5 10 9 8 6 5 7 10 
9 13 11 13 10 14 12 12 13 11 
14 14 10 13 9 10 13 14 9 14 
6 10 7 9 5 8 8 9 5 9 
6 6 9 9 8 10 8 9 8 8 
11 12 13 10 9 10 10 11 10 13 
14 15 15 13 13 16 16 15 15 15 
16 13 17 18 17 17 13 15 16 13 
14 15 13 15 15 16 18 16 18 13 
10 10 7 8 10 6 6 8 9 7 
5 6 5 9 6 7 9 5 5 6 
14 18 16 16 14 13 14 14 14 16 
8 10 7 6 7 5 9 9 10 9 
17 18 13 14 17 18 13 15 16 16 
15 17 18 17 14 14 15 18 18 16 
6 9 5 5 9 7 9 7 7 6 
13 18 17 14 13 14 13 16 16 16 
18 15 17 18 16 16 14 17 13 13 
6 9 5 8 8 9 5 5 10 6 
12 9 10 11 13 12 9 12 12 12 
9 8 6 9 9 10 7 5 10 7 
9 10 14 14 9 13 13 10 12 14 
15 17 17 18 15 18 18 13 16 18 
12 13 12 12 14 13 10 12 11 10 
11 10 9 9 10 13 12 9 10 12 
8 7 6 6 7 6 7 5 5 9 
13 13 9 13 11 11 9 9 14 14 
14 17 18 14 18 14 13 15 15 16 
5 7 5 7 5 5 10 9 7 7 
16 18 18 14 13 16 14 17 15 17 
10 11 9 10 12 11 13 14 10 14 
14 17 15 18 13 14 15 13 18 15 
9 13 10 14 11 11 9 11 9 13 
13 9 13 11 10 9 14 9 10 14 
10 14 13 9 11 12 9 13 9 13 
18 18 16 17 17 14 14 18 17 15 
15 17 13 14 17 15 16 17 17 15 
18 16 13 14 13 16 14 13 18 16 
9 10 13 12 11 13 14 14 14 10 
11 13 12 10 14 12 11 13 14 11 
9 8 8 10 9 5 5 6 9 8 
18 13 15 16 18 15 14 15 16 14 
16 16 16 16 15 14 13 17 13 15 
6 9 10 9 7 9 9 8 9 10 
13 15 13 17 18 16 15 15 18 17 
13 18 18 15 15 17 13 16 14 15 
14 9 13 14 9 14 11 12 10 11 
17 18 16 17 14 15 18 17 16 16 
12 13 10 13 12 12 9 14 14 11 
12 10 14 10 9 13 9 12 11 10 
9 6 8 5 5 6 5 6 10 5 
12 11 11 12 12 14 14 11 9 12 
18 16 18 16 13 13 18 15 13 14 
10 13 12 13 9 11 10 9 11 10 
5 9 7 10 5 6 7 8 7 5 
12 10 14 13 14 12 12 12 14 14 
7 8 10 5 5 5 10 6 7 5 
10 9 10 11 11 14 12 10 10 11 
9 10 12 12 13 12 14 13 9 13 
11 11 14 10 14 11 9 13 13 13 
16 18 16 18 18 18 15 15 15 16 
8 6 8 7 6 5 7 7 10 8 
10 13 12 13 10 12 10 10 9 10 
7 9 5 6 9 6 9 6 9 6 
11 9 9 13 10 9 11 9 11 9 
10 8 8 9 9 7 8 10 5 6 
9 9 11 13 11 14 10 12 13 11 
10 13 9 13 13 10 14 9 13 13 
10 11 12 9 9 13 9 11 13 9 
18 16 18 13 16 15 16 16 15 18 
17 16 13 15 13 17 13 16 14 18 
10 10 8 5 7 6 5 8 5 5 
11 10 12 9 14 9 13 14 11 9 
14 12 12 14 9 13 10 14 13 14 
9 6 6 7 9 5 10 9 10 10 
13 9 9 11 13 13 13 10 14 11 
9 7 9 8 8 10 9 9 9 7 
14 14 13 15 15 18 13 15 13 15 
15 15 15 18 13 15 13 17 17 18 
10 5 6 8 9 6 7 10 9 10 
18 13 15 16 13 15 17 13 13 15 
8 9 8 9 8 10 10 8 9 6 
14 11 13 13 11 11 12 9 11 10 
7 6 7 5 9 6 8 10 6 7 
14 11 10 9 12 9 10 13 12 11 
14 11 13 9 13 13 12 12 10 12 
17 15 16 13 18 18 16 18 15 15 
8 6 9 6 8 6 5 6 10 6 
16 18 18 18 14 17 17 14 16 13 
10 13 12 13 13 13 13 11 10 13 
13 14 13 12 14 10 13 12 12 9 
8 8 10 8 10 7 9 5 9 7 
17 18 18 14 17 17 16 14 18 14 
5 7 7 8 9 8 5 5 6 6 
9 11 12 12 10 10 11 11 10 13 
15 13 14 15 18 13 14 17 17 14 
5 6 9 8 9 10 6 6 8 7 
5 9 7 9 7 8 9 7 9 5 
13 12 14 14 13 10 14 11 9 10 
16 13 13 16 13 14 18 13 17 15 
16 14 13 17 18 18 18 15 13 16 
13 11 13 10 14 10 14 13 11 9 
13 11 13 9 14 11 13 9 13 10 
13 12 12 10 9 14 10 9 14 9 
11 13 14 14 9 9 13 12 14 14 
14 17 15 15 17 13 16 17 16 17 
8 5 8 10 9 5 10 10 9 5 
16 14 18 14 17 18 17 13 18 18 
18 18 17 15 17 16 16 17 13 17 
9 8 9 8 5 9 7 9 8 8 
15 18 16 15 17 15 16 17 18 18 
7 10 8 10 9 6 10 7 6 7 
6 7 8 9 7 5 8 8 7 5 
13 10 10 13 13 12 10 14 11 10 
11 10 13 9 14 10 12 13 9 12 
14 10 13 12 12 11 11 9 14 14 
14 12 13 11 9 14 11 12 10 14 
14 14 17 18 17 17 13 18 14 13 
7 6 8 8 7 9 10 6 8 5 
11 11 13 9 14 11 14 9 12 10 
10 10 8 9 9 9 10 10 10 10 
8 10 9 8 10 6 9 5 5 10 
8 7 10 5 5 8 10 5 6 5 
9 11 12 13 9 14 10 9 12 13 
17 14 13 13 18 16 15 16 14 16 
14 12 10 12 10 9 9 9 13 9 
9 6 9 5 8 7 5 10 7 6 
10 5 8 5 10 7 5 7 8 9 
16 15 18 16 16 15 14 13 18 13 
13 10 14 12 12 10 13 11 9 14 
9 8 8 10 7 6 5 5 5 9 
16 15 14 16 18 17 15 17 16 14 
13 11 13 12 13 13 13 11 14 10 
18 18 13 17 16 13 16 13 14 14 
13 11 12 11 12 11 14 9 14 10 
6 7 7 9 5 6 10 10 8 5 
13 13 9 12 10 12 10 9 9 9 
13 15 17 18 13 15 15 13 18 15 
13 18 16 13 14 14 15 15 15 15 
10 6 5 9 10 10 10 9 9 5 
7 8 5 9 9 6 5 7 9 7 
10 6 6 6 10 7 7 7 10 9 
17 17 16 14 14 16 14 17 18 14 
12 12 13 11 13 11 10 14 12 11 
10 7 5 6 10 5 9 10 5 9 
9 9 8 6 6 5 10 5 7 8 
8 7 6 9 5 6 10 8 7 8 
10 8 7 9 6 5 8 8 9 6 
9 5 7 10 8 8 5 9 6 9 
15 15 18 13 18 17 14 16 16 18 
6 8 5 9 7 7 7 7 6 7 
6 9 10 7 5 10 6 9 10 9 
14 15 17 14 18 16 18 14 18 18 
18 18 17 17 13 17 14 14 13 13 
16 15 16 16 18 13 15 13 17 15 
9 10 9 9 11 12 11 11 11 10 
18 14 14 16 18 15 16 15 13 14 
14 16 15 13 15 13 17 18 16 16 
6 5 7 10 7 8 8 10 9 7 
8 8 7 6 7 8 10 10 5 9 
9 10 6 10 6 10 9 7 10 9 
10 14 9 14 10 13 13 9 14 12 
16 16 17 17 18 15 16 17 13 14 
15 18 18 13 15 14 14 18 14 14 
9 7 7 9 8 6 10 5 6 6 
8 7 10 9 10 9 5 10 6 5 
16 14 17 18 14 14 13 17 15 13 
16 13 16 17 13 17 13 18 14 14 
18 14 14 14 14 17 15 18 16 15 
5 5 8 7 8 6 8 9 5 5 
9 13 10 9 13 12 9 14 13 14 
9 10 10 14 12 12 9 11 13 14 
18 15 18 13 17 15 17 16 18 15 
14 11 11 14 9 12 14 10 13 12 
5 9 7 7 5 8 9 6 9 5 
10 6 6 9 6 5 5 6 8 5 
13 14 18 16 18 13 17 16 18 13 
10 9 8 5 6 8 8 5 6 6 
14 16 13 15 14 15 13 13 15 18 
10 10 10 9 14 12 10 14 14 12 
6 6 6 6 10 9 5 6 7 10 
12 13 11 11 12 9 14 14 10 12 
7 8 6 7 5 6 7 5 6 9 
5 6 5 10 5 10 9 7 7 10 
13 11 12 9 9 12 11 11 10 9 
10 5 8 7 8 5 7 7 5 10 
12 13 9 14 11 9 14 9 14 11 
18 14 16 18 15 15 18 13 13 14 
13 15 15 15 17 14 17 18 16 14 
18 18 18 16 18 15 14 16 15 17 
15 17 14 17 13 17 17 15 13 18 
5 10 9 10 5 5 9 7 10 7 
10 14 13 9 13 13 10 13 10 12 
14 13 14 16 16 17 14 16 13 17 
10 13 13 9 11 10 12 14 10 13 
7 5 8 10 6 9 10 10 5 5 
14 17 13 16 15 16 16 16 15 15 
14 13 17 17 13 17 16 16 14 18 
13 17 13 18 18 17 16 17 15 15 
5 10 8 8 6 8 7 5 9 6 
5 9 10 6 10 6 10 10 9 8 
13 13 12 10 10 13 14 10 12 11 
9 10 5 9 9 9 10 6 8 8 
10 13 9 9 11 11 9 11 9 11 
17 13 17 13 17 18 16 13 18 17 
15 17 15 14 13 13 16 15 16 18 
13 17 16 15 14 13 14 18 17 18 
8 5 5 5 7 7 7 6 7 10 
13 18 15 17 14 15 14 17 14 14 
15 18 16 15 18 13 14 17 18 17 
15 16 16 18 16 16 16 13 13 17 
14 9 12 14 13 11 9 9 11 12 
9 10 10 9 9 11 10 14 13 11 
7 7 9 9 7 7 5 7 8 7 
18 15 15 16 16 15 15 15 14 17 
12 12 11 10 13 9 14 14 14 9 
13 12 9 13 10 14 10 10 9 11 
18 17 13 18 16 13 13 15 15 13 
17 15 16 13 14 15 13 18 16 14 
7 10 8 5 5 10 7 9 7 10 
7 10 8 9 6 8 6 6 7 7 
6 6 6 9 6 5 6 7 7 6 
14 11 9 9 13 10 14 10 10 12 
10 13 10 9 9 13 10 11 9 11 
17 17 18 13 18 18 14 15 17 15 
5 6 5 9 8 8 5 9 7 9 
5 5 8 7 9 10 7 7 9 7 
11 11 14 12 9 14 13 9 13 14 
12 10 12 10 11 13 9 10 9 9 
11 11 9 13 9 13 13 9 14 10 
14 14 18 14 14 18 16 15 16 17 
11 10 14 11 9 9 13 13 12 10 
16 16 16 18 15 17 17 13 17 18 
15 17 15 17 15 15 16 16 13 13 
5 6 6 5 5 6 6 5 7 5 
18 15 17 17 17 13 16 18 18 13 
11 13 9 14 9 13 9 11 9 14 
9 6 7 5 9 8 9 8 10 8 
16 16 18 14 18 18 17 16 16 17 
18 13 13 13 15 14 17 16 18 15 
8 10 9 10 6 6 7 8 10 6 
11 9 9 9 14 11 12 11 14 13 
8 6 10 5 7 8 7 6 10 6 
11 14 14 13 14 13 13 14 14 12 
9 14 14 10 13 10 9 12 13 14 
17 13 17 18 14 15 17 18 13 16 
5 6 5 10 7 6 7 5 5 8 
6 10 5 7 6 6 5 9 6 9 
10 13 11 9 11 9 11 13 10 10 
10 14 13 9 10 11 10 13 12 14 
14 13 17 17 14 15 15 15 13 13 
14 13 13 11 13 13 12 14 9 14 
9 13 9 11 13 12 9 12 12 12 
13 17 16 13 18 13 18 13 14 15 
9 10 11 10 14 11 10 12 14 9 
15 15 17 13 14 13 17 16 15 18 
13 14 13 14 13 12 13 10 14 10 
12 13 9 14 14 10 9 13 10 9 
14 9 12 13 11 10 9 14 14 13 
10 9 11 12 12 13 14 14 13 14 
7 5 10 6 10 10 5 9 8 9 
8 7 8 5 9 10 8 5 8 6 
10 9 12 13 11 14 13 11 11 9 
9 9 12 9 14 10 9 13 10 14 
17 13 17 14 15 14 13 13 17 14 
7 8 9 8 6 6 5 9 5 5 
18 18 14 16 14 14 18 17 15 13 
10 11 13 10 14 14 13 14 13 11 
15 17 15 15 13 16 16 17 17 18 
12 14 11 12 12 12 12 12 12 14 
15 16 13 14 14 16 14 18 18 16 
10 13 11 9 9 9 14 11 10 14 
11 13 14 10 9 13 13 14 14 13 
13 12 13 11 13 12 9 12 10 13 
10 12 9 10 13 14 11 10 10 13 
13 9 14 13 14 10 14 12 9 11 
15 17 18 14 14 14 15 15 16 13 
12 12 9 10 10 9 14 11 12 10 
17 18 13 13 17 14 17 13 16 15 
10 14 13 10 11 14 10 9 13 10 
9 14 10 12 10 10 12 12 14 12 
5 8 6 5 8 7 8 7 5 7 
13 11 14 13 12 11 11 12 12 10 
9 6 10 8 5 6 7 5 8 7 
17 16 18 18 13 15 13 13 17 17 
13 17 16 17 14 16 15 14 18 13 
12 14 13 10 9 13 14 10 13 9 
11 12 9 10 14 14 12 13 12 10 
16 14 17 16 13 13 13 15 16 16 
9 14 11 12 11 12 9 14 11 13 
17 13 17 15 18 18 16 13 18 15 
11 12 11 10 9 13 9 12 14 9 
15 18 16 13 14 16 18 14 13 18 
14 15 15 15 13 14 17 13 13 17 
8 5 6 7 8 5 6 9 7 9 
9 9 9 10 10 10 6 9 8 8 
13 18 15 14 14 18 15 18 18 14 
18 16 13 18 17 13 18 16 13 15 
11 11 11 12 10 9 10 14 11 9 
8 7 10 8 5 10 7 10 5 8 
14 12 10 10 11 12 13 9 14 11 
11 12 9 14 11 10 12 13 11 13 
9 14 10 10 13 13 10 9 14 12 
17 17 13 16 17 18 14 14 13 16 
16 16 18 16 15 16 14 15 14 18 
12 12 9 12 14 10 10 14 11 9 
13 13 9 12 14 12 13 13 13 9 
13 10 9 14 12 11 11 11 12 13 
9 14 13 10 14 9 10 11 11 10 
12 9 13 11 9 9 12 9 13 14 
13 12 12 10 9 9 14 10 9 10 
17 16 14 18 13 14 14 13 14 13 
14 17 14 17 17 17 16 14 14 14 
13 16 14 14 16 16 14 17 17 18 
11 11 9 14 13 14 10 14 14 10 
12 13 12 10 13 14 14 12 11 10 
14 10 10 13 12 13 9 13 14 14 
7 8 5 6 6 6 9 5 8 9 
8 9 10 6 9 7 9 9 5 5 
10 12 9 14 13 14 14 9 10 12 
5 9 9 8 7 10 10 10 10 6 
5 7 5 10 10 7 9 7 5 5 
14 9 10 10 14 11 12 9 12 11 
6 7 10 9 5 6 9 9 9 7 
13 9 12 13 13 9 14 12 14 13 
16 17 13 15 17 15 14 13 17 17 
5 9 6 7 9 10 10 8 10 7 
10 7 9 8 5 7 10 5 8 10 
12 14 12 14 9 14 10 10 10 11 
11 14 10 11 13 9 9 11 12 10 
11 13 9 9 12 14 12 14 13 13 
9 8 8 7 8 5 9 5 8 9 
13 18 17 18 14 13 17 15 18 14 
13 13 15 13 16 18 16 16 18 18 
10 13 9 11 9 11 10 13 11 11 
9 13 12 14 11 14 10 9 12 14 
13 11 13 9 12 13 10 12 13 9 
17 13 15 17 16 18 15 16 15 18 
6 7 8 7 7 8 9 9 5 6 
14 9 12 13 12 9 14 11 10 11 
10 12 14 10 14 14 10 12 13 10 
18 13 18 17 18 18 16 18 13 18 
17 17 16 17 18 16 13 16 17 14 
8 9 6 6 8 8 8 6 9 6 
10 14 12 12 9 14 12 12 9 12 
13 17 16 13 16 18 15 18 17 18 
15 14 17 15 18 15 14 14 18 15 
6 9 10 5 9 6 8 6 10 9 
14 12 14 14 10 9 11 14 9 14 
18 13 15 16 18 17 13 14 17 17 
18 18 13 15 15 15 14 16 17 15 
18 15 14 14 14 13 13 17 18 14 
9 5 10 7 6 5 6 7 9 7 
14 11 12 12 9 12 10 11 14 13 
15 17 18 15 16 18 14 14 13 16 
8 5 8 6 10 9 5 6 6 10 
17 17 14 14 18 16 13 15 18 14 
5 10 6 8 10 5 9 5 8 8 
14 18 18 18 14 18 14 13 13 17 
14 18 13 14 15 13 16 14 16 15 
5 5 10 9 10 6 6 10 9 9 
13 13 12 10 9 14 13 12 9 10 
15 15 15 15 17 17 14 16 13 14 
5 7 8 7 5 8 6 9 10 6 
15 15 16 18 13 14 17 16 18 16 
9 5 9 7 9 7 7 7 10 10 
6 5 7 5 10 6 5 7 10 8 
13 17 18 14 16 18 16 17 14 17 
18 18 13 13 13 18 14 18 15 18 
9 10 7 10 7 5 7 7 5 5 
17 13 13 15 13 14 15 17 13 18 
14 16 15 14 16 14 17 14 17 16 
14 12 13 12 12 9 12 11 14 9 
9 14 13 10 12 12 12 13 14 11 
10 13 13 12 13 11 14 13 11 12 
14 9 12 13 13 11 13 12 12 11 
14 17 13 15 18 15 13 15 14 16 
10 5 6 10 8 8 8 5 6 8 
11 10 11 10 9 13 9 11 12 14 
8 7 6 6 10 10 10 9 9 6 
14 15 16 15 13 18 16 14 13 17 
13 11 13 14 10 12 10 12 10 12 
14 14 13 13 15 15 15 14 15 15 
10 13 14 14 14 10 9 12 11 9 
18 15 14 18 18 13 13 16 15 16 
11 13 13 11 10 12 9 14 10 9 
13 15 15 14 16 13 13 13 15 14 
16 15 18 15 16 17 15 15 14 15 
9 10 13 13 9 11 9 14 14 12 
14 12 13 14 13 11 11 12 9 12 
8 6 7 5 9 7 5 6 9 9 
9 9 13 14 10 9 11 11 14 12 
13 15 17 18 15 14 18 18 17 14 
10 11 14 14 12 9 12 12 12 14 
14 11 13 13 9 14 13 9 11 14 
10 10 11 10 14 12 10 10 10 11 
13 13 15 18 13 14 13 14 16 15 
8 7 9 8 5 5 5 8 10 8 
6 5 10 5 5 8 6 8 8 10 
9 14 10 12 13 13 10 9 14 11 
14 14 12 11 14 9 13 9 11 10 
10 5 10 6 9 10 8 5 8 8 
10 9 9 5 10 5 10 8 9 8 
7 7 6 9 6 10 7 5 6 9 
6 5 7 9 5 8 5 5 7 9 
14 13 16 15 17 16 16 15 15 15 
5 9 9 6 5 10 5 6 6 8 
13 18 17 13 18 17 15 15 17 17 
10 12 14 12 9 10 14 11 13 12 
17 17 14 16 17 18 14 15 18 15 
5 7 5 10 10 10 8 7 5 6 
5 6 8 7 7 5 7 8 9 9 
15 18 18 14 15 18 13 17 14 13 
9 9 8 10 6 10 5 8 5 10 
16 18 15 13 15 16 16 18 16 13 
18 16 15 13 13 16 18 13 15 18 
7 5 8 10 5 9 7 8 6 10 
9 5 9 10 10 7 8 5 5 7 
13 17 16 15 17 18 18 13 13 16 
6 6 5 9 8 7 7 10 8 6 
6 7 8 5 7 5 5 9 10 8 
13 13 13 13 17 15 17 13 17 15 
13 9 11 12 12 11 9 13 10 11 
9 11 9 9 13 9 11 9 10 13 
6 10 8 7 8 7 10 6 6 10 
14 13 9 10 10 14 13 14 9 13 
16 15 18 16 18 15 18 16 14 18 
10 9 7 10 6 5 8 7 5 8 
9 5 8 5 6 5 6 10 6 8 
9 14 14 14 14 12 12 11 14 14 
5 6 6 9 9 9 5 6 5 7 
10 9 14 10 10 9 9 12 9 9 
14 13 13 9 11 14 9 14 12 12 
9 9 11 12 13 14 12 11 14 10 
5 6 5 7 7 10 5 5 8 9 
14 13 15 17 15 18 17 15 13 17 
17 18 13 18 17 18 14 17 14 15 
14 13 14 18 16 18 18 18 17 13 
16 18 18 16 15 14 18 18 14 18 
14 15 14 13 14 16 14 16 18 14 
13 12 14 13 14 9 12 10 9 13 
17 15 18 18 18 18 17 17 18 15 
15 18 18 18 13 17 18 18 14 15 
16 17 16 16 18 15 15 16 17 15 
18 13 14 15 17 17 13 16 18 15 
14 12 9 10 9 10 9 10 11 9 
7 9 6 5 7 6 8 9 9 10 
14 14 18 14 17 17 16 13 15 14 
12 14 12 14 13 11 14 13 9 12 
9 11 9 9 11 12 10 10 13 14 
15 14 17 14 15 14 14 13 16 14 
13 9 10 11 13 11 10 10 12 14 
18 18 13 16 16 17 18 15 14 13 
12 11 12 11 10 13 11 13 9 13 
14 14 18 18 18 14 13 18 16 16 
15 15 18 15 16 15 18 17 15 16 
10 10 8 9 8 10 6 6 5 10 
13 15 15 15 17 16 17 16 15 15 
10 12 11 14 13 13 10 14 11 13 
6 8 6 10 10 7 7 9 8 7 
9 13 9 14 9 12 13 11 11 12 
6 6 10 8 10 9 10 7 6 9 
13 13 10 10 10 10 12 9 12 10 
5 10 5 9 6 7 7 8 5 10 
5 10 9 9 10 6 5 9 6 9 
10 13 14 14 12 14 13 12 13 14 
7 6 6 10 6 9 8 9 6 10 
9 14 13 10 11 9 12 11 12 10 
7 9 7 9 9 7 7 9 8 9 
7 9 7 9 5 9 5 6 9 5 
16 14 13 17 16 18 15 16 17 14 
15 13 14 16 13 14 14 13 17 14 
10 11 10 11 14 13 13 11 13 14 
7 9 7 6 5 10 7 10 5 10 
16 14 17 17 17 17 13 16 16 18 
13 18 15 18 18 15 15 14 18 17 
9 9 9 14 11 10 11 11 12 13 
14 12 11 13 13 13 13 13 11 13 
5 10 9 8 9 5 10 5 5 9 
16 15 13 14 13 13 15 17 18 18 
18 14 17 18 18 13 18 18 14 15 
13 12 10 14 11 9 9 10 13 9 
9 5 7 7 9 6 8 6 6 10 
5 8 9 8 10 7 7 5 10 5 
6 6 7 5 6 6 7 5 7 9 
5 9 7 6 7 9 9 9 6 9 
6 5 8 5 5 9 8 5 5 8 
7 10 10 6 5 10 9 6 6 7 
17 14 15 18 15 16 16 14 14 18 
15 13 16 16 16 18 15 13 15 16 
9 13 11 12 9 11 13 12 10 9 
12 13 14 11 13 9 9 12 12 9 
10 9 9 13 11 10 10 9 14 13 
10 12 14 11 9 10 13 14 9 10 
9 10 11 12 14 13 11 12 10 14 
6 5 9 8 7 9 10 5 9 9 
15 16 18 13 14 13 13 17 18 18 
7 6 6 10 8 5 5 10 10 10 
10 11 11 10 11 11 14 13 13 14 
8 5 7 7 10 8 5 10 7 6 
7 10 6 5 5 10 7 8 7 7 
13 18 15 18 14 17 13 15 16 13 
10 7 8 9 5 10 5 9 8 6 
14 10 11 10 10 11 12 11 10 14 
18 13 18 17 13 18 13 18 15 13 
14 11 14 10 9 11 13 11 11 11 
9 11 14 11 11 14 14 9 12 11 
18 13 13 13 13 17 15 18 18 13 
10 8 7 8 10 8 5 7 10 10 
10 14 11 10 13 14 13 14 9 12 
6 5 8 5 7 7 8 9 7 8 
11 12 12 14 14 9 13 12 13 11 
13 16 16 17 18 18 15 16 16 14 
14 14 14 11 10 13 9 12 9 13 
6 9 10 8 10 7 5 8 7 6 
6 6 8 7 8 9 10 10 10 6 
17 18 17 17 13 14 18 16 18 18 
6 5 6 6 9 8 8 8 6 6 
8 9 10 5 8 5 7 9 10 10 
9 7 6 7 8 5 5 8 6 9 
15 14 13 15 18 13 18 18 18 15 
12 10 11 12 14 13 12 13 11 13 
9 8 5 9 6 7 7 7 6 10 
9 12 9 12 10 9 14 13 9 11 
7 9 7 5 8 7 6 5 10 9 
13 9 13 13 11 10 11 12 14 14 
18 18 13 18 18 17 16 15 14 14 
18 18 17 15 16 17 13 14 15 17 
10 6 5 7 10 7 10 6 9 5 
5 5 6 10 6 10 7 7 5 10 
10 7 5 5 5 8 8 9 7 6 
18 14 18 14 16 16 13 16 18 15 
5 8 6 5 10 5 10 10 6 9 
15 13 15 14 15 15 14 13 14 15 
9 14 12 11 13 10 12 9 14 11 
5 9 10 5 7 8 10 8 10 6 
17 18 13 17 18 18 17 14 16 15 
16 13 13 15 17 15 14 17 14 17 
14 9 11 14 10 10 13 10 12 10 
11 13 13 10 12 13 11 12 14 12 
10 9 9 13 10 11 12 14 10 14 
16 16 17 14 16 14 15 18 16 15 
5 10 6 10 9 8 5 5 8 7 
7 9 9 9 8 9 7 8 5 5 
9 9 5 9 9 5 7 8 7 5 
6 10 5 8 7 6 5 7 7 10 
5 5 10 5 8 6 8 7 8 6 
9 5 6 6 6 8 8 10 9 5 
6 7 6 10 6 6 9 7 5 5 
10 11 14 10 10 9 11 10 14 14 
5 5 8 9 10 7 6 10 8 9 
16 17 18 18 16 16 17 17 15 18 
15 15 14 14 15 15 17 14 14 14 
10 10 5 9 9 6 8 10 7 5 
17 14 13 16 15 13 17 16 15 17 
18 14 15 16 18 15 18 13 17 17 
11 10 13 10 13 10 13 11 13 11 
9 10 8 6 6 7 7 8 10 7 
18 16 15 18 16 15 13 16 17 17 
9 5 6 7 10 6 6 5 5 5 
5 10 9 5 6 8 5 9 6 7 
10 14 9 11 14 12 11 12 10 11 
13 16 13 15 14 16 16 18 18 15 
5 10 5 10 7 6 9 6 7 6 
10 5 5 8 5 6 10 5 8 10 
6 9 7 10 5 8 8 8 10 5 
14 15 18 16 17 17 15 18 17 17 
18 15 16 13 15 18 13 13 13 14 
10 13 11 12 12 9 12 14 14 13 
13 14 10 10 14 13 13 11 12 14 
9 6 10 9 7 5 7 7 10 7 
13 16 17 15 14 16 15 13 14 14 
11 12 14 10 11 13 10 13 10 14 
11 9 10 14 9 12 9 9 14 14 
12 14 10 10 12 9 9 14 14 10 
17 17 17 18 14 15 13 14 17 14 
14 11 13 10 11 10 11 14 9 10 
14 13 11 13 13 9 9 13 12 14 
8 8 6 8 10 10 7 9 7 7 
12 11 12 13 10 11 12 9 14 14 
14 14 10 12 10 11 12 11 14 10 
13 17 13 14 13 14 17 18 18 18 
6 5 8 7 5 8 7 10 5 5 
13 17 15 15 18 18 15 16 15 13 
5 5 5 6 6 5 5 7 7 9 
13 17 13 13 16 14 13 17 18 17 
9 9 6 6 10 9 8 9 6 7 
18 13 15 18 15 13 18 16 13 16 
17 15 13 15 14 15 15 14 15 16 
13 13 12 9 11 11 12 9 13 10 
10 10 12 13 13 14 11 14 14 14 
18 17 17 14 13 14 18 16 17 14 
5 8 9 7 8 10 6 10 7 6 
18 16 14 17 15 18 14 13 13 18 
10 14 14 9 10 9 13 11 14 10 
6 10 7 8 5 10 10 8 9 9 
8 9 9 5 10 7 7 7 9 6 
6 5 9 5 8 7 7 6 7 7 
12 9 12 9 11 13 12 9 13 9 
14 9 11 9 11 10 11 11 12 13 
9 7 7 5 6 8 10 7 6 7 
14 14 14 12 11 9 14 12 12 9 
6 7 10 5 6 10 6 7 8 5 
13 13 17 17 17 18 17 13 17 15 
13 11 12 14 10 10 12 12 9 13 
6 5 6 8 5 6 7 5 9 9 
13 14 13 18 15 16 18 17 17 16 
12 11 10 10 14 14 13 9 12 11 
17 14 17 15 17 18 13 14 18 16 
